2 0.371588 0.310156 0.053350 0.101562
2 0.568238 0.157031 0.049628 0.095312
2 0.475806 0.309375 0.060794 0.087500
2 0.672457 0.310156 0.057072 0.095312
2 0.764268 0.306250 0.057072 0.100000
2 0.364144 0.619531 0.058313 0.104688
2 0.369107 0.781250 0.053350 0.100000
2 0.568859 0.618750 0.065757 0.096875
2 0.471464 0.767969 0.054591 0.101562
2 0.766129 0.617188 0.060794 0.090625
2 0.872208 0.774219 0.069479 0.095312
3 0.367246 0.458594 0.057072 0.085938
3 0.567618 0.786719 0.060794 0.092188
3 0.568238 0.468750 0.064516 0.087500
3 0.665012 0.462500 0.059553 0.090625
3 0.767370 0.466406 0.060794 0.079687
3 0.866005 0.620313 0.057072 0.087500
3 0.767990 0.774219 0.066998 0.089063
3 0.759305 0.156250 0.062035 0.090625
3 0.866625 0.156250 0.063275 0.087500
