2 0.328784 0.308594 0.076923 0.107813
2 0.566377 0.153125 0.065757 0.090625
2 0.636476 0.301563 0.059553 0.109375
2 0.719603 0.302344 0.057072 0.104688
2 0.733871 0.614062 0.058313 0.106250
2 0.313896 0.625000 0.062035 0.096875
2 0.311414 0.775781 0.054591 0.107813
2 0.426179 0.772656 0.065757 0.095312
2 0.510546 0.625000 0.058313 0.100000
2 0.835608 0.775000 0.060794 0.100000
3 0.545285 0.779687 0.055831 0.093750
3 0.705955 0.782031 0.057072 0.092188
3 0.537841 0.464844 0.060794 0.095312
3 0.335608 0.466406 0.060794 0.092188
3 0.725186 0.154688 0.058313 0.100000
3 0.853598 0.148438 0.059553 0.100000
3 0.761166 0.467187 0.060794 0.090625
3 0.806452 0.621875 0.062035 0.106250
