2 0.531638 0.142187 0.065757 0.087500
3 0.632134 0.155469 0.060794 0.085938
3 0.820099 0.150000 0.064516 0.090625
3 0.504342 0.471094 0.060794 0.092188
3 0.598015 0.472656 0.057072 0.098437
3 0.718983 0.471875 0.058313 0.100000
3 0.508065 0.783594 0.060794 0.092188
3 0.629653 0.776563 0.068238 0.087500
3 0.732010 0.617188 0.059553 0.084375
0 0.427419 0.320312 0.045906 0.065625
2 0.220844 0.619531 0.062035 0.098437
2 0.228288 0.771875 0.057072 0.103125
2 0.340571 0.775000 0.065757 0.100000
2 0.406948 0.625000 0.062035 0.109375
2 0.607940 0.310156 0.054591 0.104688
2 0.640819 0.304688 0.050868 0.103125
2 0.673077 0.620313 0.053350 0.106250
2 0.771712 0.778125 0.064516 0.090625
