2 0.499380 0.152344 0.050868 0.095312
2 0.607320 0.304688 0.055831 0.100000
2 0.377792 0.618750 0.063275 0.084375
2 0.187345 0.778125 0.049628 0.090625
2 0.286600 0.774219 0.057072 0.101562
2 0.745658 0.768750 0.064516 0.090625
3 0.812035 0.153906 0.063275 0.089063
3 0.606079 0.160938 0.053350 0.093750
3 0.592432 0.460938 0.063275 0.081250
3 0.718983 0.468750 0.058313 0.084375
3 0.491935 0.464062 0.060794 0.093750
3 0.498139 0.779687 0.060794 0.090625
3 0.576303 0.780469 0.058313 0.095312
0 0.413151 0.317188 0.057072 0.065625
0 0.179280 0.632812 0.058313 0.068750
3 0.676799 0.625781 0.050868 0.095312
