2 0.497519 0.150000 0.069479 0.084375
2 0.315136 0.621094 0.059553 0.101562
2 0.254342 0.775000 0.052109 0.093750
2 0.710918 0.775000 0.069479 0.084375
2 0.570099 0.306250 0.058313 0.103125
0 0.396402 0.325781 0.055831 0.073438
3 0.464640 0.475000 0.063275 0.096875
3 0.703474 0.470313 0.059553 0.090625
3 0.559553 0.466406 0.062035 0.089063
3 0.794665 0.150000 0.058313 0.096875
3 0.568238 0.158594 0.059553 0.092188
3 0.644541 0.623437 0.055831 0.100000
3 0.468362 0.786719 0.055831 0.092188
3 0.542804 0.770312 0.058313 0.087500
